19500	5086 7096 11080 14048 19421 20551 25933 27927
38250	10051 11176 11447 14265 15138 17590 17959 20626 28719
65500	2999 5443 5814 6050 14623 15018 15639 18843 21078 21758 21840 28463 28687 29099 29202
69500	143 360 2929 6007 6352 9479 10646 14020 15315 17119 17470 17640 17641 18196 18630 18730 18805 19973 21672 22329 22947 25346 28410
239250	3068 3619 7616 9842 12647 15018 16421 28481
252500	6199 12541 13778 14011 15089 18544 18741 23656 23826 23861
267250	679 2367 7105 9802 11679 13787 16406 18829
415500	194 554 3151 23164
434750	4571 6104 6542 16972 17158 19394 19973 27458 27511
452750	6672 14796 15638 21865 24392 25488
472000	2605 3515 6211 6542 14647 23584 23748 25333
563500	26 3658 5461 7868 8313 10778 14073 16939 21840 22058 23284 23928 28347 28653
691500	239 834 2826 3507 4443 4544 6080 7868 8643 8724 8764 9842 11018 11849 12285 12431 12433 14498 14554 15390 15934 19328 20154 20661 21672 21840 22547 22664 23013 25733 26288 27912 28641 29445
725000	1831 2257 14482 17835 18597 20425 20902 25372
776750	2963 3228 3503 4329 7080 9991 11605 12717 14777 16939 18388 19829 21092 22043 24598 26699 27401 29084
832250	1831 11578 20043 26670 27791 28859 29330
892500	239 1533 1966 2669 3074 3627 3852 6080 7868 10097 10306 11670 12243 14020 17446 18741 18805 23403 23516 28985 29022 29099
965500	2963 9671 10646 18227 18712 20297 24411 25003 26378
1025250	509 13247 14119 15883
1074750	679 2048 2257 3228 3699 7868 10171 11080 11573 11679 11904 12220 12747 14580 16406 16550 21865 22556 27092
1118250	2589 3068 5661 6805 8278 9582 10970 11176 12068 13494 13721 14294 14794 18712 19096 24306 24601 24929 26665
1140750	1293 3032 3285 3937 5184 6741 7868 9894 12541 14261 15395 15622 17823 22313 27063
1181250	5458 6672 7208 8058 8339 15858 16169 17783 17968 18932 21110 23284 29213
1194750	83 679 2669 3627 4059 4281 5306 6543 7037 7400 7827 7868 7976 8034 8637 11734 12737 15663 16836 19962 20551 21092 23103 24669 25169 25366 25488 27052
1324500	5336 7868 8028 10404
1492500	2267 3627 3926 7868 8689 10188 11679 16540 17653 21683 24886 28899
1517000	4808 7208 11350 12977 15086 15299 16302 19903 24087 27205
1528500	500 3627 4750 5799 6158 7059 7248 12162 15320 18466 18736 20800 21092 22280 22749 23013 23774 23781 24929 26546 26563 28370
1531250	2963 3719 4676 6092 7026 10247 12216 21146 22442 23338 24942 25260 26523
1561250	3627 12352 12557 13891 15639 17706 22973
1579250	4078 4544 4939 6190 7743 7963 9906 13020 14969 15721 17438 24194 25424
1622500	679 7059 7364 7522 8662 18771 18879 19179 19381 24911 28391
1688750	554 3145 5376 7248 12220 14020 19671
1724250	3228 7989 9544 10097 12977 15672 16176 20425
1758250	2764 3091 4060 6571 7389 7817 10038 11029 12560 23676 27791 28463 28481
1782250	155 2568 3237 5845 14415 18002 19374 21110 24460 26736 28333
1953250	3627 3658 6096 6783 8313 10176 12352 12394 14020 15639 23984 26267
1969000	4993 5987 6352 12220 15887 16550 18002 18575 20297 25687
1971500	1739 3151 7096 7230 7469 7624 7654 7692 8316 11000 14415 14917 17550 18712 19166 21715 22043 23019 24070 25329 26860 27791
2050000	4053 4324 5306 5620 8637 9802 10702 11022 12329 14242 14415 15231 17960 18996 20579 21336 21659 22533 24377 26127 26866 27791
2078000	679 4644 7622 11347 12977 13097 14261 14902 16944 17449 17752 18730 26608
2088000	617 2655 4078 10949 15019 21883
2103250	1831 3627 4220 5458 6290 6724 7567 7822 11022 12394 13592 13737 14902 16564 22280 24325 25219 28855
2168250	7868 21838 27133
2187500	2963 4201 7990 12162 16376 23628 24780 27394
2316250	679 949 1390 4571 6621 9657 9688 10329 10948 15065 18180 21950 26288 28662
2331750	953 1390 1752 2526 2669 5971 6529 7179 7868 8625 8628 8689 10395 10584 13390 13903 14318 15653 18501 18805 18990 19539 21092 21975 22732 22789 23025 23984 24385 24886 24893 27179 28370 28653 28985 29099
2378500	2367 2669 7230 10014 10970 12886 14795 17470 18937 19974 23774 25372 26619 28017 28243
2428500	1396 9250 17640 28332
2480750	22946
2752000	527 2042 3032 3164 3313 5043 5667 11679 12243 14074 15820 17958 19405 22179 22505 26728 27906
2771250	255 476 480 789 1494 2513 2963 4641 6247 7311 7560 8838 14360 16609 22319 22359 22567 23284 24942 25331 25948 26314 26722 27670 29099 29490
2788750	2410 2898 6880 6918 7096 7432 8842 10329 10702 11176 11431 11679 13274 14294 17747 18515 24274 29084
2807500	1253 7314 7552 10593 11329 12512 12688 14515 18741 19149 20585 27117 29203
2891500	255 819 2257 3627 8027 8724 14161 14580 21539 25086 26722
2920750	2160 5655 8669 12068 12285 13278 13757 14119 14261 15478 15946 16302 18872 20464 21862 22359 22400 22961 23407 23538 24598 27155 29490
2940000	2257 2683 11080 11272 11767 12168 14580 15935 19835 24486 24519 25260 26722 29490
2968250	8637 11624 12220 14273 16463 21110
2975500	4154 5086 6143 7868 8978 12352 12977 13592 14902 15934 16406 16939 19745 21865 23662
2988000	12132 12606 15828 22482
3031750	215 679 934 3228 4949 6114 6908 7061 7105 7323 7567 8689 11176 11781 12977 14020 15639 16110 16406 17060 18131 18388 18730 19814 19962 21565 21919 23214 23604 23774 27198 27501 28391 28924
3054250	3151 3627 5448 9563 11931 12285 13592 14020 15138 23108 29203
3148500	201 3627 4762 6908 7059 7620 8327 8662 8689 8890 11465 12795 13645 16217 18624 19796 22126 25793 28561
3211250	6148 7173 11076 12431 16110 17706 27155
3249250	1237 7278 7868 17275 22240 24978 26394
3288250	6395 19394
3293750	17636 17829 26523
3304500	679 903 1197 1392 3592 3804 4931 8219 8689 10461 11022 11080 11631 13554 15874 17228 22269 24461 25169 26634 29099
3310750	3627 8689 11328 12220 14952 15432 16550 23774 24083 25086 26298 26722
3344750	1771 2042 2421 2771 3313 3329 5015 6985 7173 8805 11022 11078 12078 12220 14020 17748 17958 18290 20579 21110 24196 25488 26614 27427 28177 28435 28463 28524 29099
3350250	1672 3384 3409 3740 5779 12220 14413 18736 19177 24765 25420 28425
3404000	905 3627 6246 22246 28653
3520000	155 1700 2999 4499 5791 6498 7105 8508 9563 10702 14020 17055 18829 21919 22058 23409 27927 28065
3573750	4452 11176 11670 12394 15831 21919 25260
3581250	1325 3723 5848 12512 22126 23214 28411
3625250	5625 16085 17327 20549 21110 21372 26614
3644250	3723 4381 7230 7868 8637 10584 14661 15142 16406 17781 18024 18843 22425
3675000	1138 1565 6498 7297 9563 10232 11635 13779 14292 15024 16722 20338 25488
3742000	4078 7297 8643 13020 20846 21847 22820 23656
3846250	8719 11679 11882 12220 12352 14182 15584 16722 23143 25380 27371 27840
3913250	3626 5845 7105 8409 8689 9230 9242 9948 10136 12220 12394 13240 14020 15159 18213 22380
3952000	617 2128 3196 3627 3723 4479 4648 5474 6571 6864 12220 13998 16550 19379 19837 21844 22380 25372 25669 25917 26699 28631 29099
3963750	251 3590 4949 6352 7096 7356 10381 11176 11330 12977 13020 13737 14020 16624 19014 19421 21067 23475 23662 26972
4047000	3983 7105 7208 7624 8943 12828 17945 20551 21865 26737 29446
4133750	1831 9919 14451 15159 16754 20127 25372 27638
4184250	241 647 4949 8082 8565 10788 11196 11687 11983 12220 14020 15315 16550 26716 27371 28710
4215750	3760 4125 4281 4571 7561 9340 9878 11060 11391 14145 14192 14573 15302 17356 19949 21085 21914 26127
4256000	2059 3324 11679 13883 15661 17331 17647 17771 27791
4259500	4949 5336 6951 11018 11176 12541 15019 15315 17725 18805 26722 29099
4370750	1666 2655 3723 4078 7168 15638 15716 17024 21110 23628
4376250	8689 12790 15631 16155 17945 18281 19379 19993 21225 27407 27637 28368
4454500	2655 3723 4059 15019 15138 21071 25830 26699 27117 28653
4475750	259 547 679 2227 3627 3719 4281 4479 4949 6497 7856 7988 8149 8689 9671 11396 11612 12068 13390 13592 15584 15934 16754 17945 18805 19113 19539 20411 20536 20551 21092 21110 21796 21838 22840 23103 23475 23774 24869 25372 25488 26267 27401
4625750	1000 1428 3151 3723 4939 6328 9838 10570 10840 11157 11734 14482 15446 16836 17882 17945 18032 22321 22749 24471 24869 25366 26000 29197
4716750	2683 2963 4324 8511 13757 13784 21110 25318 29202
4770500	2610 4808 5797 7335 9165 9609 10404 12220 12394 13554 14020 15315 18075 18433 19126 20297 22317 24196 24869 25029 27092 27191 28975 29214
4844000	5598 7868 11176 15138 24196 27396 28362
4850000	614 1428 4794 11605 12512 14678
4876750	143 949 2945 4080 7868 9838 11080 11378 11431 12394 14150 19496 20536 21950
4895250	1335 5094 11638 15423 15478 16624 19166 24541 26308
4902250	2323 4709 8207 14360 14794 23628
4907500	5086 5712 6374 8775 8965 11060 11196 23622 24196 24430
4921000	8689 15534 20184 24015
4963500	4078 13240 13830 15534 15538 16572 18002 21092 21110 22489 25372 29203
5011500	1756 1831 4078 6219 7059 7354 11196 11679 13749 16463 20180 21847 22280 22489 23013 23779 26523 27092 29203
5012750	1335 2208 3393 5043 5053 8799 10893 11196 13020 14261 14469 14818 29473
5024500	528 3228 7105 8439 9802 10106 12168 12220 12394 12977 13779 13888 14265 15138 16550 17372 17748 18730 18805 20747 21110 22864 24601 25029 26378 29084
5037000	679 2382 2945 5896 6828 7354 7868 12055 14590 14796 15639 20648 21283 21838 23621 24960 26722 27446 27508 27791 28059
5059000	9195 16668 19102
5108000	155 647 2683 4254 6672 10532 11080 11793 12346 12352 14020 14580 15094 22547 23628 24486 29547
5139250	1731 11080
5143250	1280 5429 6880 8689 9210 9563 14482 16609 17401 20411 21110 23549 26614 27567 29547
5155750	1533 2999 6191 7432 11969 12453 14482 14661 15018 18024 18805 22505 23662 24669 25488
5226250	4078 8689 10329 14020 15831 15907 19155 24669 24871 26416
5238000	527 3361 8090 9620 13450 14580 15018 16406 21833 24385 29099
5264500	1642 5470 12220 12394 14261 16550 16965 17945 18730 19038 19262 22547 23421 26420 27508 28952
5293250	679 3995 12220 15672 16550 20506 22583
5336750	11000 11176 12352 21427 24669 25272
5440750	970 2963 9838 11052 12168 12883 14853 19381 19862 20045 23206 25029 25260 27210
5467250	1822 6287 18046 19277 21110
5491500	1691 2729 4544 7089 9472 11032 13390 14265 16939 17405 20154 20620 20803 21092 25212 25989
5522250	679 2257 8689 8739 12883 21672 25260
5642000	2257 3723 4892 4949 7812 10726 10840 11080 11176 12512 14318 16009 21672 24598 25424 27272 27683 29084
5726500	949 4300 10059 11080 13779 14020 14470 17072 17244 22280 22731 23465 25372 25733 28410
5742000	170 13375 16716 19523 22307 25248 25261 25830 29465
5751500	1392 2353 3228 5336 6199 6348 7004 11679 12977 14873 19680 21094 24878 25488
5754500	143 4014 9549 10282 11790 14020 14784 15423 20751 23214 25618 28752
5769750	143 2455 6352 6617 11926 16818 18731 21869 24503 26614
5780000	262 471 539 622 1000 1461 2173 3723 5094 5157 5705 5814 7037 7061 8313 9340 10058 11022 11431 14450 15315 15471 15811 16529 17061 17214 17959 18515 19523 20180 20724 21071 21092 21979 22393 23781 24274 25830 26308 26665 26744 27257 27906 28885 29224 29364 29418
5847500	8978 17995 21865 27458 28504 29505
5865750	57 911 1446 1681 2872 3145 3228 4171 4238 7868 9462 9745 10268 11196 11652 18296 21283 22234 22505 24016 25060 25556 26297 27544 28177 28616 28937 29331
5959000	251 2683 4078 6672 8327 11328 13688 13888 14153 29203
5962750	2683 5151 5803 7105 9640 16800 17706 24196
6003750	647 2033 3393 3698 4750 4949 5053 6665 6680 6934 7737 7868 8792 10714 10726 12285 14679 15414 18072 18843 20039 23628 26618 27625
6061250	679 943 3308 4949 5670 11176 14261 14552 16463 20721 23829 27927 29076 29203
6150750	2655 2963 4510 4835 10014 11330 15584 15831 17429 18185 26523 27795 28184
6301250	574 7868 8637 8689 11543 13209 14292 14942 22393 23232 25596 25758 25792 28687 29547
6412750	3719 7208 12666 14580 15019 17060 23632 25092
6564500	251 4949 7105 7868 11176 11196 11328 11605 11612 11679 12220 12637 12977 13494 14902 15298 15639 15805 16110 16406 18730 20658 21672 21950 23604 25092 26576 29095
6571000	1773 4254 6319 7773 7827 11687 12162 12252 13430 18879 19987 20626 22393 22877 25631 27052 27543 28687
6694750	679 1461 3151 10329 11328 12352 12977 14020 18075 18730 20127 20253 21672 22393 23007 24196 26298
6713250	143 1758 2367 2945 8717 11857 15639 16768 17177 24344 24541 27540
6766250	599 3977 4307 6988 9109 12285 22126 25372 27186 29203 29547
6848750	264 3555 4307 7070 8689 12160 12606 14209 14406 20343 21336 22894
6849750	2199 2655 3937 4819 4938 5848 6290 12161 19394 19796 23556 25372
6874250	155 647 2683 8637 11080 11628 12168 12747 13483 14265 16603 17760 20648 21503 22393 24844 26754 28410
6921750	8193 19197 19458 24606 28954 29497
7016500	10616 26546 27407
7143250	510 637 1228 1773 2771 5557 7613 10157 11849 12865 15799 19941 21813 22087 22366 23896 24281 26077 26114 28641 29203
7163250	1995 4452 4571 8148 9567 10329 12943 16103 17060 17748 18791 18805 19702 20154 22609 23604 24385 26595 29099
7269250	2729 20578 26180
7367000	143 504 4918 11083 13607 15584 15686 16540 17945 18025 20297 21336 26699
7450000	2872 7868 12352 14261
7588000	5254 5848 7105 10329 12078 17470 18575 18730 25839 28653 28824 28975
7687500	290 619 682 1233 2610 3760 3787 4544 5267 5369 6737 7743 7868 7902 7963 8628 12182 12285 12364 12394 13853 13888 14498 14603 15138 16453 18369 18592 18730 19208 19574 20551 20803 22715 23662 25380 28357 28625
7699500	3457 9802 11080 11793 13592 22280 23928
7703750	527 3626 3651 6398 7542 7868 8278 8719 11007 12394 18075 18730 18868 22218 22908 23304 25839
7715000	679 7868 9486 11790 13795 24978 25380
7921500	17327 22556 28087
7927750	3032 9549 12674 15065 18624 20279 20411 25372 26288 26341
8017000	3719 15096 21092 22280 23284 27505
8033500	2471 6113 6402 12220 12435 12489 20996 21110
8040000	239 2655 3403 3720 4078 4731 4762 5372 5429 7221 7417 7743 7868 8257 9341 9792 9829 10144 10151 11018 11176 12285 12541 12994 13390 13872 14194 14902 15138 15159 16406 16797 17084 17352 17400 18275 18292 18843 20484 20803 21659 21994 22094 22523 22533 22914 23285 23649 24685 24687 25267 25372 26341 26464 27205 27791 28347 29203 29445
8049000	1704 2804 3850 4582 7997 14240 14821 17664 20979 21092 21695 22749 25556 26180 26546 27544 27955
8072250	22 526 4078 6098 11196 14020 14894 17227 19036 19514 20505 22095 23143 27033 28616
8096750	1731 3228 3553 8769 11196 11951 15138 16663 16722 16965 17747 21672 22077 23896 25356 26288 26485 28641
8156500	1831 2198 4078 4551 6447 6951 10983 10999 17167 19974 20297 21889 27373
8195000	1758 3034 4078 5185 8943 10970 11080 18024 21672 24307
8216500	2257 3746 3755 8313 10627 12394 14159 14400 17747 18712 19126 21979 22552 22916 23623 25308 25329 25558
8230750	24841
8243500	949 3390 4931 4949 11176 11196 14048 16857 17060 17945 18075 22367 23662 24869 26871
8324500	9848 14020 16887
8353250	1966 3438 4078 7230 7560 12285 13097 19702 22317 26401 27205
8435250	11080 11679 14261 16110 16540 18730 21067 23896 29473
8523250	1731 7827 14458 25500
8529750	9702 15138 16609 17747 22583 28059
8845250	554 4939 6550 8689 11396 11826 12394 13070 13493 14020 15446 16722 16857 17214 17297 21110 22484 23103 23628 23928 24196 24565 25596 25631 26464 29265
8940500	251 2257 2655 11080 13784 15159 15639 15661 16463
9069000	1080 2257 3627 3677 7868 8689 9620 11176 11396 11456 11573 12220 14580 15302 19937 21110 22393 24471 24534 28017 28391
9121750	5799 7868 15946 18805 19974 21838 25733
9123500	15 2610 2683 3433 6447 7080 7990 12168 14694 15138 20846
9163000	6571 11080 23475 28184
9173750	2826 4731 7105 7560 9486 10999 11196 11679 13020 13784 14020 15315 15639 16110 16406 16540 18730 19814 21672 29203 29224
9179500	11196 12220 17629 17835 27637
9394500	3126 3723 8965 10908 14533 14588 15018 16540 17090 20626 21110 23781 26712 29099 29472
9512750	679 3228 4239 10584 11080 11383 12996 13285 17880 19903 20800 21152 21593 23736 23779 25651 25991 27205 27804 28135 28924
9513250	414 647 1008 3390 3759 4329 12218 12287 13079 16199 17959 18024 20668 20800 22319 23662 23928 24598 26394
9586500	5799 7868 8860 10795 13888 16849 24601 25676 29501 29541
9706000	679 742 849 915 949 1257 1773 1849 2198 2683 3980 4102 4779 5067 5470 5966 6039 6364 6740 7179 7978 9275 9612 10329 10780 11487 12068 12168 13765 13962 15114 15192 15269 15943 16476 16823 18508 19431 19539 20297 21865 22094 22444 22736 23260 23340 23884 25933 28360 28653 29099 29203 29313 29363
9720000	2771 8939 11849 13830 16315 19894 21092
9782000	2826 3151 6724 7248 10381 29364
9802000	5883 11160 12888 18791 18804 21501 21909 24015 24601 24947
9906500	155 5185 7868 8689 11328 12220 12394 13682 18213 20484 21110 21336 21919 23656 24601 26298 26722 28270 28411
10052000	143 3093 7278 7620 7680 11696 12754 21110 22126 22280 25372
10095000	14261 16624
10229250	7297 8689 16944 18289 18805 21593 22179 23628 23774 24541 24869 28631 28653
10234000	696 871 2627 2695 3324 3740 5051 5848 7037 8731 9111 10176 10584 10970 11524 12702 13450 14020 14261 15019 15811 16852 19402 20796 21995 24013 24026 24306 25086 25214 25570 26011 26298 28653 28975
10261750	2504 5285 8278 11679 12285 14261 14533 17060 17061 17968 18805 21657 23214 23628 23896
10309250	6498 9340 11734 14942 15192 18730 18996 21091
10312750	2257 2899 3627 5185 6154 6672 7868 9620 12352 15934 16110 20164 23783 24503 28985
10322250	1731 5185 9111 10702 16485 18575
10492250	143 281 2899 3528 4499 4949 5098 6672 7105 7754 7868 8786 11080 11176 11687 11793 12606 15449 17653 17914 18730 19702 20029 20045 20425 24015 24984 25631 26561 26728 28752 29265
10521000	2805 6652 7868 9471 9472 10060 10225 13779 15761 15874 17920 18612 25770 27255
10539250	1461 4486 8702 14020 27625
10566000	7868 13554 28053
10578000	13240 13778 14073 18024 18227 20896 26523 28992 29213
10628500	796 2945 3324 3723 4078 5652 6868 7037 8483 11263 11857 12013 12159 12285 12994 13020 13784 14233 14294 16986 18075 18736 20297 21092 21110 24869 25386 27035 27791 28641 28945
10642000	251 679 1966 2655 3627 4078 5053 7105 7323 7567 7576 8257 8628 8637 8717 9782 10999 11176 11465 14580 15299 16754 19814 20279 20536 20896 21334 22781 23831 25427 25570 26728 27625 28149 29473
10696000	3458 11022 14887 19615 21110 24440
10773000	2257 2999 11889 12352 12977 15639 25092 28124
10944750	19673 25372 25687 28752
10966250	251 17087
11121500	8530 10893 13049 15799 20297
11158000	239 290 6101 6738 7868 8637 9563 11396 12076 15018 20835 21657 21930 26422 28876
11300000	2963 8375 12063
11307500	17446 20300 22359 22946 23272 27711
11313000	3228 6482 7105 7456 8154 11018 11196 11679 12977 17013 23143 23491 27092 27406
11321750	643 1000 2804 3176 3564 3775 3847 4102 4238 4262 4294 4354 5515 5661 6242 6284 6348 6466 7997 9906 10879 10928 11730 12358 13745 13888 15390 16075 17013 17060 17639 19175 19891 20206 21672 21684 22421 22880 23338 24907 25742 27060 27205 28481 29330 29547
11440500	504 679 3228 4731 11052 11670 14261 16540 26722 29203
11612500	5848 18741 19974
11701500	4281 4366 4544 15631 16481 17641 17760 18674 19681 22052 24737 26679 29203
11874000	1282 4220 4510 10014 11679 12220 13354 13844 16028 16550 18167 18180 18741 21548 22556 24087 26270
11896000	882 8637 13853 15302 16564 23731
11947000	1591 1758 2322 4262 9522 10480 11080 13103 13749 14020 15233 20411 22489 23482 24417 25651 26883 28967
12004000	10452 15307 15645 16540 17191 18683
12015000	5176 5267 7552 8024 13097 15138 22240 24977 26900 27028
12016750	12078 18001 18730 20529 24277 25989 27371 27683 28662
12028500	661 2999 7600 8519 9213 11196 11679 13390 15311 16540 18496 21392 21593 21975
12154500	4949 5470 7105 7868 11176 12159 12475 12933 15018 15426 17640 19574 20297 20411 21217 22280 28621
12173500	554 1325 3627 14266 15405 21110 28184 28370 29287
12239250	949 1121 7354 7868 12271 14157 14261 16814 21838 25570 25618 26288 26829 28333
12331000	7542 16609 18180 21758 28184
12371000	1222 2227 2254 2764 2963 8628 11543 11776 11958 12352 12394 12737 14261 14294 14794 15018 17514 17767 19381 19539 22359 23896 24541 25086 25570
12377250	679 686 1501 1831 2729 3151 5492 5667 5799 6918 7004 8689 11280 14020 15138 18075 19023 19405 21887 22556 24427 24447 24730 24929 25669 27927 27946
39750	4896 16663
42000	4078 5557 11578 11687 13390 20979 28180 28481 29528
47000	23549
64000	2455 6805 11080 11670 12394 18895
83250	1731 5131 6174 7624 7989 8769 21238 25753 28885
140500	1831 3627 6918 10480 14625 18730 23779
145750	11196 11578 24242
154500	251 3627 4949 5863 8689 11080 11176 12168 12220 12977 13830 14838 15934 16550 17034 18741 21110 25820 26576 28370 28621 29197 29211
154750	569 8943 11196
190500	4281 18465 20751
200250	5856 9620 10893 12352 17556 25570
203750	4728 25372
232000	180 361 7868 12133 16311 16406 21865
236000	4361 7248 8637 9452 17690 18275 19501 21050 22523 27028 29203
266500	255 9486 9487 9657 10282 22659
282500	1962 3697 3850 12055 15617 27135
299750	3034 11080 21110 23612 24601
309750	4545 15365
317500	6980 7868 17851 18805 22029
341000	679 1739 2257 4003 9290 11652 17958 25402 25676 26722 26754
371250	1547 7620 7680 10106 12489 14400 15401 20943 21110 22889 23512 25596 25599
380000	554 1392 1773 2128 5620 12329 14174 18628 22367
382250	5740 6352 12840 22393 25372 26722
393250	2891 4949 7868 12068 13093 20154 20162 22306 22594
405000	26698
417250	9549 12068
418500	15138
425500	8313 17506 22094
439000	647 2198 3362 3390 3734 4351 6104 6918 7105 7466 7868 9066 10714 11080 12287 16821 18835 20449 21400 21841 24060 25415 26404
448250	15911 19962
528250	155 2963 7096 8693 12977 26270
567250	6968 7354 9899 11080 24616 27791
573000	637 5054 7473 10555 16653 18868 19615 19962 21796 26655
591750	5416 20466 27231
599750	2945 9657 10097 12285 18072 20297 24415 24788 24986 27785
620500	934 2669 7975 10646 18572 21840 26114
621500	3723 4147 5099 5845 6143 6326 7868 8726 11670 15159 15401 16009 19126 19973 22034 23364 23861 27817 29099
711500	4709 11052 17118 26722
731750	2270 3384 7692 9195 10570 11196 15924 23623 28631 29008
745750	3228 21071 24869 26699 29099
746000	155 2410 3032 6571 7105 12435 21865
764000	11531 15081 16300 18990 25618
764750	22749
791500	3627 8738 10329 12198 14712 16606 20297 21050 22989 23424 23492 24831
799000	750 2669 3350 3555 4709 11687 16578 18730 24553 25839 29099
835000	207 5845 5848 7868 7990 8637 9912 13878 14020 14048 16722 19632 21462 25215 25642
847750	1752 3714 9848 12728 13390 18024 19891 21684 21787 21838 23304 25770 27406 28169
848500	259 1501 4172 6467 7286 9838 10151 11196 14261 16406 16716 22393 23628 24977 25209
854250	9881 24601
861250	21110
861750	3720 3723 4078 4731 23284 28924
887750	4154 15019 26754
969750	2367 2963 3047 17823 19835
980000	1739 3228 29099
981000	2898 4927 4938 4949 4997 5429 8662 8689 11176 11196 11679 11687 12220 12394 14020 14153 15639 16110 16140 17458 22547 23623 26722 27160 27501 28008 28270 28966 29022
984500	2513
1046250	2257 6621 11396 11983 18196 27791
1063000	530 4443 14165 15019 15943 16186 16653 19216 20551 22280 22749 23214 24196 24929 28481
1074500	9567 12606 16602
1086750	1084 7868 9899 11080 18977 19514 21533 28791
1104500	667 2257 2683 5845 9838 11052 12220 12977 14294 16463 18448 18678 21110 22393 22583 24975 26722 28813
1110750	3101 3458 20578 21110 22499
1114000	4731 8188
1148000	14266
1165500	15423
1173500	5598 5848 7314 12329 13020 15661 20037 21681 23421 25086
1189000	1546 4949 11176 11328 12175 15019 16361 23612 23628 28621
1240250	5998 7871 8689 12394 13975 18392 20297 21092 23623
1244250	1691 4324 7980 14495 15606 27670 28183
1247000	2669 25635
1319000	599 1237 5797 10449 21849
1338750	845
1365000	14580
1381000	1831 8662 8724 14261 22099 25329 29099
1441500	743 2791 2846 9209 12033 12628 12670 15879
1446250	1155 3390 4078 20297 23482
1459000	6147 6290 25260 28308
1459750	12220 16550 25830
1499750	739 1831 5655 16079
1525000	2257 3564 9620 11196 11687 24601
1617250	2217 5077 8637 9633 11329 11951 12283 18002 19405 20579 21533 21919 23284 27791 28410
1620500	444 1195 5833 12230 13124 14887 15138 23735 28774
1629250	143 9120 12394 14266 18024 19891 21392 21758 23656 24196 24601 28937 29099
1661750	1731 3151 3324 5429 9802 11080 14020 15315 15534 21950 22342
1699500	16716 24715
1710500	1481 2729 7868 10151 14780 21246 25526 28065 29547
1727500	2787 3228 4452 7812 9563 27334 28669
1767500	14626
1792000	5285 6080 6203 7090 9301 10872 11176 13259 13390 16500 16540 17024 20154 20630 20979 23214 23351 23623 24314 24471 28319 28937 29099 29203
1793250	679 2033 14020 21067 22393 27625
1806750	16463 18558 20701 21683 26394
1812000	7105 7868 11196 16406 19814 28410 29077
1815750	28391
1832000	7868 10151 10916 11939 12287 14469 25687
1838750	16818
1855750	7105
1904750	7071 9138 15906 22253 22484 23928 24010 25888 26815 27314
1906000	2438 2683 11448 12220 12285 21110 22126
1909250	504 2963 5131 5285 5416 6326 8193 8383 10014 14209 15811 15992 17060 18180 20516 21110 21975 23470 23896 23914 24645 25372 27406 27683 28410
1911500	1047 1073 3228 3627 4479 4949 6148 7105 7173 8689 8868 9120 9657 11196 11983 12133 12747 14261 15639 16110 16406 19814 20386 21815 22317 22547 23304 24616 25500
1934750	12528 21838
1966250	155 2257 3228 6672 9838 11052 11328 12216 16110 16738 18730 20207 20425 23143 23999 25260 26722 27515
1985250	2683 9645 28059
2033500	712 3510 3627 4949 7473 7868 8689 11176 11203 11328 11465 11679 12220 12352 14796 16110 18025 18075 18611 20015 20417 24277 28270
2076000	3390 14097 14483 19339 21841 24277 24816 24886
2132250	14159
2138750	11029 14120 21334
2148250	14294
2182750	1539 2257 8689 18758 18808 19643
2198750	9250 12220 12257 12394 13054 13216 14294 16550 21110
2200750	2655 8630 9210 9315 12674 14020 27155
2232500	679 3723 4683 6431 11000 11060 11080 11196 14261 24929 24986 26516
2251750	22727 25177
2253250	155 437 1591 3034 5667 7703 7868 11080 11196 11328 11652 14153 14261 18730 18805 21067 26722 27401 28189
2350750	24788 25386
2364500	12329
2386250	948 6255 6880 7061 26754
2448250	949 17423 21672 21865 24669
2476250	23202
2492500	4010 10464 11124 11849 16534 19005 20083 20585 20979 21243 23532 23969 24340 25420 26655
2557000	4571 12133 18251
2626250	7868 16077 28230
2676250	4970 14535 15527
2688750	155 1739 3181 3629 3774 4571 13450 15721 19814 22749 24601 28391
2704750	3658 5764 11547 13592 14417 22359
2733500	19824
2756000	2198 3590 11347 13773 15320 21092 21485 24311 25565
2768250	16094 19026 23421
2797750	927 3658 8533 11790 20595 28270
2808500	12394 24196 25372 27637
2823250	2610 25329
2852250	1918 2251 3503 3815 3821 4647 8020 8090 11682 14261 16411 18942 18957 21706 25244
2870250	4003 7096 8327 12964 14020 15096 17606 19431 23284 29363
2874500	2257 3047 4172 6203 7323 7386 7868 7910 14914 16550 19422 28059 28370
2882750	4452 29225
2910750	1372
2921750	143 2504 6438 6880 7314 11035 11176 11201 11203 11670 12754 13888 14182 15934 18025 18805 20184 22280 25272 25733 26722 27371 29547
3001000	21995
3009000	1507 2033 5627 7230 8724 10604 11000 12327 12964 14695 15019 17732 19014 21657 21840 22393 27117 28347 28411
3010000	4220 13975
3014750	1147 2024 2353 3228 7868 13471 18558
3035250	993 7096 11080 11196 14020 22400
3075000	5995 6592
3089500	1917
3096750	2815 11541 15315 28553
3114000	2319 2655 5429 6828 8689 11345 13112 13135 15259 20182 20484 20536 21092 21110 21916 22268 23928
3149000	475 4794 4939 9486 9817 13162 18964 24503 29008
3168000	19742
3188000	4993 16463 17429 18025 26618
3215500	10914 19029
3216500	2963 6617 8028 18697 20548 21146 21501 26121 27168 28992
3226500	4230 6621 11954 12394 14071 16474 18741 22240 23863 25372
3245250	18730 22393 23878
3257000	679 1384 15534 15934
3266750	3168 5416 12220 26318
3282250	11857 19126
3288750	3937 13518
3312500	19993
3317500	679 1501 2260 3032 4326 4338 7105 7692 8261 8446 9111 11665 11864 16836 17657 21785 27514
3326250	4163 9389 9479 10866 17232 24459
3335000	325
3363000	3627 9848 15138 15315 18868 22329 24158 25742
3396250	4953 29077
3405000	4389 19027 19974 22489 27932
3410000	12855
3511000	2610 2655 13020 14020 15164 19651 21581 29203
3524750	4491 4808 6868 15065 17920 26871
3549000	647 5184 5285 5957 9111 10872 12395 14261 26380 26598
3588500	1831 2655 4644 7432 8637 12329 12352 18024 18712 20846 21336 25260 29095
3590000	1776 7567 9907 9922 11471 11694 26874 28924
3592750	5836 14694 15405 29547
3661500	13853
3684750	1831 20846 25559
3719250	125 273 3362 3606 4960 6482 14931 15395 17150 18362 18624 22505 25631 29137
3723750	1831 3406 4078 13247 14020 21672
3751500	10193 20300 23284 28411
3781500	241 911 2695 27161 28117
3787750	2610 6077 6904 19458 25908 26969
3795000	476 9802 11670 11687 12352 23143 24601 26127 29099
3799500	21768
3849750	9549 26699
3861500	7868 14533 20470
3892750	13020
3895750	5469 12475 12606 12933
3903500	1392 9563 9633 15138 15514 16279 21899 24274 25618 27609 28605
3954500	931 7856 12162 14952 15584 18292 25510 26315
3977750	1461 13975 17060 17087 21869 23273 25596
3981750	1831 3228 5053 6520 8717 14887 15602 16082 19928 21565 25386 27791
4004500	5211 18281 19686
4035250	3185 3423 8630 9340 26633 27539
4037500	5230 13036 14523 25883 26614 27407
4059500	805 3857 7868 8166 9549 12159 14120 15089 16463 16540 24196 28465 29099
4063000	19974
4073250	9946 12271 12792 17153 22836 27415
4087750	251 2655 3627 23475 26605 27791
4097500	2762 24844
4102750	5192 5267 10026 15353 17031 19021 19149 20585 21787 26843
4115500	6731 14470
4118250	5185
4153000	9567 11080 14942 17835 21865 22621 26523 27539
4186500	7105 11563 12394 27092
4189500	2251 9165
4193750	17959 21657 24296 24929
4195500	9802 12285 15315 18097 22246
4256500	2410 3800 4694 12588 19897
4257000	2945 4571 4949 6908 11176 11196 12329 15089 16913 23475 27625
4304250	679 7868 14261 16846 24929
4317250	5619 15159 21110
4336750	16155 16463 19217 20846 29203
4378500	11857 22947
4399750	6148 23207
4421250	16110
4423500	4147 8643 11543 24193
4447000	4078 12627
4503500	3627 4949 11936 12220 14989 24193 26754
4533750	4324 10908 17319 24514
4547500	8173 8257 10151 13749 27052
4557250	19052 19962
4606000	14887
4631250	5184 7868 13473 20896 27052 29099
4658500	679 1670 10948 12606 16463 17453 18075 21110 21838 24196 25917 25960
4680000	16463 25372
4712250	2963 18388 20902
4782250	679 5724 9658 10193 10778 12142 15359 27791
4804500	28465
4809000	22211
4809750	679 1831 23884
4814750	7868
4852000	282 7038 7868 21110 29146
4852500	911 9563 24541
4853750	19955 25596
4880250	1831 16463 19217 20846 25372 27096
4886500	26789
4922750	2669 7340 14120 18013 18024 18465 20701 25733 28357
4956000	2042 13450 14048 14580 15315 23662 28675
4967250	7868 12431 28391
4994000	17087 25596
5034000	3698 3723 7465 7868 9441 10176 10232 10329 10584 10840 12220 12316 13087 16550 17680 18730 21336 23223 27151 28347
5052000	7868 12220
5078750	554 679 5310 6672 7096 7260 7465 8483 9549 10329 11080 14580 14596 20484 21110 23071 23628 24015 25329 25669 26705
5082500	7105 14020
5082750	2059 4795 6740 7868 11029 11080 17280 20449 20575 26631 29547
5110750	1004 1739 3324 5590 7096 8414 25793 26114
5121750	251 15138
5170500	6096 7868 10232 11679 12557 14020 18730 18805 21672 27092
5187750	1481 6431 11080 21672
5199750	679 10868
5220750	785 8689 13793 25240 26216 28438
5226500	3627 8689 11687 23829 29234
5239500	318 1979 14153 18353 21110 23407 23928
5248750	9290 15086 18575 20668 23623 24375 27035 28924
5254500	3313 4336 5712 6348 6546 7708 7868 9317 12717 14531 15478 17020 18072 18611 20300 21672 22043 22400 24306 24601 24929 25488 25618 28391
5256500	614 12165 13909 20679
5261000	4960 8786 11000 11410 21672 24788
5279750	1131 1788 2368 2872 3228 4795 10151 14525 15192 17297 27117 27435 28065 28675 29269
5287000	12705 18774
5292000	1131 7184 8643 11670 19974 21345 21672 23779 25669
5320000	3228
5354000	10014 10948 20180 21078
5407750	3850 6352 11080 16373 25676 26480 29099
5440500	5043 11080 17945 25272
5539250	155 3935 7868 8689 11983 13179 18075 18628 24258 25207
5608250	4731
5654000	528 4571 5896 20417 23861
5655250	239 290 2655 3228 3285 3702 4125 4338 4544 4571 5529 6817 7427 7743 8637 9131 9340 9563 10404 11196 11396 11624 13853 14020 14048 14138 14469 15018 15645 15988 16406 16500 16540 17249 18275 18515 18630 18805 20047 20300 20411 23338 23669 23878 24194 24917 26031
5693000	2655 12674 14020 21899 22916 28945
5697750	476 23273 27791
5735000	5470 24977
5745000	2103 2257 2669 4571 4709 9838 11080 14360 18730 19417 20658 23662 26722 26737 29416
5812000	2683 17641 19993 20472 20506
5828250	599 4808 6988 9031 10962 16979
5846250	19993
5898500	374 7105 7637 11573 23433 26722 28465
5899750	11679 12220 16550
5901250	1010 6592 7262 11073 11330 12230 12606 14575 18730 18937 19277 22482 23499
5906250	143 3047 20529
5910250	554 937 2240 26605
5911250	12352 22489
5915250	2367 15138
5952250	5067 5094 6827
5957500	8637
5968250	4078 11196 13097 16406 26516
5994250	3552 3555 8816 15655 18180
5999000	10908 26523
6014750	28653
6015000	2570 18456 24323
6067750	23698
6099250	1721 7868 11397 11823 13244 13665 19335 25372
6126750	15019 24977 25117 25169
6140500	637
6155250	4059 4220 5015 14020 15645 18180 22235 27653
6172000	24704
6205000	1461 10352 17153 27470
6233750	4220 10678 18180
6234000	3590 4220 4571 9021 12438 16463 17020 18051 19582 19875 21372 23683 26699
6247250	768 2739 2771 2942 3686 4571 7600 8171 10840 11447 11670 11849 12213 13793 14580 15814 16663 16918 17626 18805 18832 18874 19615 19973 20661 21334 21975 22680 22736 22759 23122 24471 25618 28626 28631
6250250	16564
6257000	3740 11849 12285 14795 16540 16986 21071 22749 23563 23628
6258500	1432 12068 20471 28180
6264750	1415
6266000	4939 23774
6272000	2803 3149 3936 6080 10171 12055 17400 17758 20180 22367 26067 26451 29103
6299000	25830
6334000	9413 10627
6354500	5377 26159
6358500	10194
6380000	6682 20327 24459 28425
6400000	2452 2600 3313 3536 9567 15065 15258 15672 18712 19381 20551 22371 26737 28270
6412250	7260 13354 15159
6458250	7692 22280 23475 27205
6458500	8637
6497000	647 7927 11923 20747 20902
6515500	6319 6805 8662 11329 18235 21657 23340 24015
6523250	11196 14020 16540 17823 17835 18290
6571750	155 993 5661 6401 9193 14580 15086 16540 17706 20158
6572500	8311 29099
6603750	7230
6619500	3627 7955 11465 21067 21110
6634500	1257 6571 9454 27886
6654750	6299 14261 16110
6683750	2655 2826 4078 4731 4939 5267 8996 10169 14119 14818 15446 17491 17945 24562 24977 25770 26619 27204 28788 29203 29551
6700250	647 4949 7957 8719 9549 11176 11578 18575 20676 23134
6751750	1008 3068 3658 13737 22522 26699
6754250	17945
6768000	7827 16818
6780500	4571 10893 19394 25676
6807250	679 4078 5529 5712 8630 10329 10646 11983 13390 14261 15192 19973 21110 22393 25372
6848000	8816 23622 24601 26619
6852750	2963 4949 7208 7822 13888 27906
6867750	2655 7552 17013
6872750	20393 26111
6897000	2783 4052 4162 7626 13431 16463 18544 23223 24177
6900500	6805 21659
6904000	642 5267 9111
6957500	1065 5074 6980 7552 12606 12754 13793 15534 16722 17191 19615 22029 22961 23025 23861 24576 24898 27448 27458 29044
6996000	6255 12165 13754 18213 27198
6998500	201 3627 6319 8689 11687 11790 11983 21326 24015 29547
7002750	1481 1831
7003500	11196 14150 25090
7034000	3850 9341 10514 11776 14266 20937 26829 27153 29203
7060500	27 504 760 1003 3384 5285 8220 8692 9111 9396 11080 12287 16276 17582 18353 18950 19005 21975 22442 23214 24645 26655 29388
7103000	4039 5574 9549 11080 11465 12394 12586 13118 13737 14071 14580 15019 15423 16488 18741 21869 22106 22636 23662 26722
7116750	9486 9912 11196 14930 19514 20952 24503 27637
7149500	2306 20645
7184500	527 2899 4571 7221 7868 8278 10193 16939 18805 21533 21865 22058 22359 23564 24517 24541 29410
7190750	1538 9413 14526 27791
7211250	7061 23656
7218000	1731 2257 2421 7096 10702 11201 12220 12977 18630 20955 21936 22317 22556 24669 26619 29034
7269750	13354 19475
7306250	2099 2249 2655 2669 4691 7868 17676 17747 19973 21110 22329 22359 24379
7322250	4949 10240 11176 11977 23861
7323750	27019
7345250	23656
7361250	9291 12400 14922 22893 24541 28410
7375000	2655 11201 11857 16463 20184 25309
7405250	11330 17431 25372
7435500	7975 24886
7445000	18075
7476250	1037 6828 13873 14415 15019 16362 23662 24907 29099
7483500	420 3740 9486 18864 21865
7494250	7577 12528 21991
7513250	1756 4078 7692 9301 16463 23203 24590 25372 26545 27544 29153 29203
7545250	3329 11679 13891 14381 29099
7568250	11670 13112
7568750	1831 2217 2655 3458 4329 4389 8327 11977 12285 15748 17087
7600250	2762 3228 4949 6908 7868 11052 11176 12758 17924 19509 23793 24415 24869 25570
7657250	1756 2043 3228 4452 7997 29445
7785250	11790 12132 21657
7787500	17771
7797000	2412 6263 6571 8122 10745 11196 13942 15159 22148 24066 28788
7810250	6880 8637
7830250	5779 20127
7854500	527 679 2421 4949 7323 7552 11080 12285 14020 14902 16463 19217 20484 29099
7886000	1428 1644 1712 4919 4970 5094 5267 6880 10282 15446 18647 22420 22993 25177 26829
7892000	911 1530 3559 5267 9340 14194 15661 16913 17647 24471
7893250	2347 28410 28992
7898750	5574 7868 16110 21838 24503 26894
7918750	1591 8978 11652 13749 16180 18275
7976750	5254 13853 19813 25372 25483 26806
8051750	647 4172 7552 8389 12202 12220 13737 13762 14020 16550 17141 20297 20803 21110 21911 23556 24471 26608 29203 29389
8060000	14942 18024 19882
8070000	10329 11080 18024 18611 20595 25488 27044 29197
8102000	768 2683 5591 18213 21110 26614
8111500	454 527 2257 11018 11080 12346 12790 16110 22393 23878 26716
8123500	1591 3390 14931 22852
8129250	878 7868 10718 16323 18097 18805 22489 22999 24844 25260 25733 28617
8145500	18124 21883
8149250	5011 7868 10933 11196 11679 12162 14294 14925 15138 15631 20484 24015 26464 26737
8160750	365 3958 5067 10268 11196 15308 17641 18529 22244 23857
8163500	2257 3252 3390 4571 5740 7868 13483 15022 18868 19381 19951 21092 22621 23103 23115 23662 24608 26959 27458 28410 28438
8170750	1966
8215250	14261 24628
8216750	12285 14065 24281
8248750	4718 8628 9489
8271000	11280
8280500	19 4662 16674 17972
8314250	4626 4834 6352 11196 16540 17770 25933 27618
8346250	6734 16939
8385000	1548 3458 7680 8528 9111 18080 21110 23284
8430000	8637
8528750	15315
8555500	1282 2249 4510 4738 5598 6641 7762 10741 12173 13044 15962 18180 19341 19379 24963 25372 27615 29078
8573000	6158 6328 9549 17372 21110 28049 28391
8617500	2605 4571 11280 12055 14019 26619 27625 28270
8622000	8702 11125 15935
8628250	3074 3926 5848 8630 10879 11080 11609 14153 14415 15390 18805 20979 26288 27119 28481 29465
8633500	255 8767
8649250	2826 29203
8666500	1644 11790 15672 27467
8701250	1884 19973
8702500	617 4329 7105 7868 8257 8662 9486 11080 11196 15138 17597 19381 23662 23779 24780 29547
8730250	911 3228 6597 8257 11687 12068 21657 24601 28453 28876
8745250	679 3590 5848 15883
8757750	2167 3149 6968 18024 23928 24601 26288 26561
8792750	5598 14416 25883
8799750	679 3252 7868 11080 11396 12018 13592 17823 17824 19199 20826 27456
8822250	17483 18013 27068
8869250	11203
8909750	11687 15681 22342 24054 28270
8910750	420 3361 3469 3590 4510 5598 6246 6801 7868 10948 11330 12033 12173 12688 14734 16700 17106 18167 22934 24503 26614 27514 29078 29099
8949750	2217 3228 4808 7086 9549 14294 16818 17438 21962 24977 29446
9015000	7090
9035750	7850 17732 17977 18024 18544 20661 25618 27052
9039750	1293 2257 3228 3627 4709 5863 7105 9563 11196 11983 13087 14580 15639 16406 22489 22887 24978 25092 26005
9055750	18024
9076750	2826 3720 4731 5712 5799 14119 15159 17748 18575 22368 25372
9079500	4691 7208 7868 11022 15741 24447 25272 25669 27314
9103250	9563 12220
9199500	4081 20803 24969 29099
9202750	21110
9212500	7150 14596 14701
9215000	938 1773 2436 6178 6352 8651 8943 9242 10097 12394 14294 15315 20750 22489 25029 27458 29425
9244000	5403 7868 9486 9620 9972 13442 14227 16836 17393 27501
9288000	2683 2971 6352 6401 10999 11328 19702
9344000	17024 25511
9351750	993 2891 11080 14580 17921 28930
9352750	17133 18075 28759
9394250	3228 6290 7105 8090 8637 11196 14894 17060 17087 19014 20180 25372 29203
9436000	504 4731 6571 17680 23590
9437500	489 7208 12168 14694 15718
9438000	12220 15019 24977
9463750	1797 3677 7105 11196 11201 15138 16406 19814 20386 25733 26758 27791
9592500	676 679 5661 7868 10329 13020 18271 22094 23241 24869
9628250	18024 20750 23779
9651250	1598 5639 18672 26754
9671750	2655 2826 7868 11052 14119 23122 26722 29203
9685000	3185 9569 11605 17032
9694750	4525 8558 9838 10176 10914 11080 11849 14025 15383 16091 17060 18741 21233 23656 27179 27791
9716500	6908 11465 13086 28065
9782500	4949 6352 23662
9794000	9301
9807250	6096 7868 7976 8662 10329 14400 17759 18905 20636 21372 21885 23934 25086 26699 26722
9811750	10476 12220 16550 18183 27466
9839750	3805 11328 28410
9842500	7380 7868 10908 11052 11176 11605 12924 15210 15672 18805 19048 20317 21110 22319 25086
9946250	155 2899 3720 4731 11688 21091 21865 23241 26619
9972250	6290 7963 15138 23187
9973000	5429 15158 18227 23475 25260
9979000	7868 25260 25372
9982500	542 9369 20800 21686
10000250	5598 6171 6438 17153 28256
10018000	5429 15874 16406 26788
10047250	3555 12132
10054250	1079 4667 8425 9226 10970 11159 13020 18034 19660 20297 20316 20846
10063000	2257 10893 14930 20207 21110 22393 22889
10064500	5799 6820 8269 12220 12394 22583 28466 29099
10069500	4571 7868 8637 8978 15322 19973 21400 21838
10112000	6839
10119250	5087 6326 7868 10282 12352 20425 22330 27791
10212500	15959 24081 24788
10224750	1481 5267 5797 9549 11679 21393
10257500	4281 10893
10297000	4306 5908 6698 18075 20584 25058
10302500	679 6630 14065 24402
10393750	29265
10401500	2899 6868 7868 8038 8816 11080 12189 13258 13878 14048 17242 18361 20756 20979 21672 22950 23934 23947 24541 24929 25526 27509 27791 28765
10443000	1222 1392 2042 2373 2739 4571 5441 8719 9620 10329 10570 12271 13270 13460 13779 14482 17372 18730 19466 21110 23628 24151 24969 25488 27135 28378 28951 29099
10533750	13451 14261 15721 17327 17945 19974 24601 29099
10546500	5955
10588000	3720 9295 14020 15138 16628
10592000	993 1335 2257 4571 4949 6908 7868 8389 8816 11176 12220 12352 14580 16429 19514 25372
10592750	13093 23798 25488 28794
10598500	155 7105 9563 11776 12220 14165 18575 24385
10609250	1020 2963 5330 8693
10619000	12647
10653250	619 2574 3536 3828 4320 4709 7868 12285 12728 14242 16406 18024 18544 18843 18891 20180 21392 23096 23656 23857 24034 26034 28411 29099 29203 29473
10654750	2270 7314 7552 12212 14991 20529 25214 25402 27272 29008
10713250	11220 22823
10715500	2655
10756500	14942
10768750	2570 6672 11150 12870 17592 19993 24323 27261
10774750	1577 2899 4683 11465 11687 14942 20338 23251 23900 24966 25488 27199 27791
10790500	7105 22126 22889
10816000	27334
10818500	1038 4618 5185 5334 7354 11573 12285 14261 19394 22305 24869 29099
10831750	5640 13482
10840750	7105 9472 13672 20457 21565 24385
10845500	9985 13390 17060 18075 28631 28924 29497
10915250	12395 13873 23556
10972250	16396 23779
10976250	743 1533 12285 12489 15138 22032
11022500	15019 24307
11032250	2963 3723 14363
11046750	7169
11078500	9275 18024 28391
11111500	4216 25142
11114000	20386 25177 25372
11129250	949 2257 9838 11080 11280 11687 14577 14580 14724 15718 20658 23214 23251 23861 26722 28924
11131750	882 915 5738 7868 10726 11196 14482 16406 17647 29472
11137750	934 4226 5832 6104 6193 12068 19891 21841 22447 24669 24869 25360 27906
11141500	2945
11142000	1493 5833 12352 17407 29099
11169500	366 3647 4220 6352 10014 12173 12828 14020 14294 17640 18196 19277 21078 24922
11220500	11431 12285
11225500	2655 3740 11175 13020 19974 20388 21110
11283500	10680 12220
11339250	6828
11340250	241 6215 12394 14294 21110 25329 26973
11352000	6163
11362000	2963 5330 7868
11391250	17417 27998 28924
11397250	23541
11434750	3543 7071 9985 10840 16612 18758 20083 21823 23323 24004 24155
11493000	554 1533 4694 7868 8689 9072 12453 14661 20425 22727 22828 29022
11494250	8676 11196 18805 27509
11496750	587 2695 20101 20565 28898 29084
11503250	504 8878
11527500	16884 21110 26619 27791
11535250	2257 4709 6024 6843 12394 13984 16463 19021 22989
11552750	1481 5094 12220 16011 20630 23448 24869
11558000	749 21611
11564250	1831 3723 4846 6104 9140 13124 14969 25483 28347
11579750	8410 8702 9083 11196 11330 12132 12688 14020 15217 19733 26722
11590500	7868 7997 10622 11578 13512 14817 14821 17512
11601500	647 2655 6190 6299 7706 11080 12220 27785
11613500	7868 28641
11625250	3740 18990
11631250	5598
11632250	4819 12220 25022
11683250	1249 7868 12541 14603 24704
11687000	431 8689
11711250	1392 3719 5330 6175 8942 10866 20349 20617 21338 23331 24942 28411
11730000	422 471 1446 2513 5443 6193 12914 13390 13787 14498 14938 15335 15390 18024 18523 21565 23656 24471
11734000	646 679 3723 4076 6656 13084 14261 14490 21219 25982
11737250	599
11747250	155 251 679 2655 4411 4960 9563 9620 11244 11652 13093 14025 16624 16918 17959 18730 18950 23223 25596 27487 28411 29099
11761750	3913 5086 9765 12489 20846
11782250	18002
11794250	164 3068 12220 14025 22365 27092 28653 28924 29099
11847750	10948
11894500	9548 15138 24009
11936000	1962 3482 3935 10948 11465 13020 13512 14294 15831 19632 21393 24942
11939000	2176 2257 7105 15934 16470 22317 23260 23409 28230
11949750	2198 6571 10353 12063 13554 16519 25009 25177 29547
11957000	9210 9392 12977 13772 14261 15395 16818 17060 17242 21078 21838 21995 22505 23251 23662 23907 26605 27927
11972750	954 2674 4846 8122 15631 17972 20708 21693 27426
11984750	251 776 993 1493 2257 2440 2683 3627 5680 6672 8662 8689 9486 10929 11029 11687 12352 14580 15352 15502 15507 15934 16110 17747 18544 20207 20425 21110 21796 21838 22393 23457 24415 25086 25653 25927 26722 28370
12008000	4960 14261 17647 20979 24274 25618 26618
12015250	11080
12027000	2322
12061000	16463 18075
12142750	2375 29099
12204750	6571 7963 9053 17812 21533 21681
12215000	679 3164 4949 5043 5336 6652 6672 7090 7473 7868 7975 8637 9363 11176 11670 12352 13592 14261 14942 15302 15639 15831 21121 21796 21914 23779 25260 25570 27791 28266 28790 29099
12229000	17389 29148
12231250	6246 7560 9111 10329 12220 19539 24274 26633 26722 26973 27155 28149 28784
12234750	949 2971 4039 4078 4510 5266 6681 10176 10329 11080 13607 21110 21632 22179 23541 25372 25517 26614 26736 29465
12275500	7572 21930 23134
12337750	554 13888 19196 21092
12384250	3658 5458 21747
12386500	2367 13087
12388250	1539 11196 15138 15298 18712 23793 24385 28391
12417500	3983 5478 8689 10570 15138 16406 16846 24601 28411
