19500	7096 11080 19421 20551 27927
38250	10051 11176 11447 14265 17959 20626 28719
42000	4078 13390 20979 28180 28481 29528
65500	2999 5443 6050 15018 15639 18843 21078 21758 28463 28687 29099
69500	143 360 2929 6007 9479 15315 17119 17640 17641 18196 18630 19973 21672 22329 22947 25346 28410
83250	5131 6174 25753 28885
140500	1831 14625 15065 23779
145750	11196 11578 24242
154500	251 3627 5863 8689 12168 12220 12977 13830 14838 18741 21110 25820 28370 28621 29211
190500	11190 17346
200250	10893 12352 17556 25570
232000	361 7868 12133 16311 16406 21865
236000	7248 18275 19501 22523 29203
239250	3068 3619 12647 16421 28481
252500	6199 12541 13778 18544 18741 23861
266500	9487 10282 22659
267250	679 2367 7105 9802 16406
282500	3697 12055 15617 27135
299750	11080 21110 24601
309750	4545 15365
341000	679 1739 2257 4003 9290 11652 17958 25402 25676 26722 26754
371250	1547 7620 10106 21110 25596
380000	1392 1773 12329 18628
393250	4949 7868 12068 13093 20154 20162 22594
405000	26698
415500	554
418500	15138
425500	8313
434750	4571 6104 16972 17158 19973 27458 27511
439000	647 3390 3734 7105 7868 9066 10714 12287 16821 18835 21841 25415 26404
448250	15911 19962
452750	15638
472000	2605 3515 6211 6542 14647 23584 25333
528250	155 2963 7096 8693 12977 26270
563500	7868 10778 22058 28653
567250	11080
573000	18868 19615 19962
599750	2945 9657 12285 20297 24415 24788 24986 27785
620500	934 2669 3627 18572 25086
621500	3723 4147 5845 6143 6326 11670 15401 16009 23861 27817 29099
691500	239 2826 3507 4544 7868 8724 11018 11849 12285 12431 14498 14554 15934 20154 21672 22664 25733 26288 28641 29445
711500	11052 17118 26722
725000	1831 2257 14482 18597 20425 20902 25372
731750	2270 3384 7692 9195 10570 15924 23623 28631 29008
745750	21071 24869 26699 29099
746000	155 6571 7105 12435 21865
764000	11531 16300 18990 25618
776750	7080 11605 14777 16939 21092 24598 29084
791500	8738 10329 12198 14712 16606 20297 21050 23424 23492 24831
799000	750 2669 3350 3555 4709 11687 16578 18730 29099
832250	1831 11578 26670 27791 28859
835000	207 5845 5848 7868 8637 13878 14020 14048 19632 25215 25642
847750	1752 3714 13390 19891 21684 21787 21838 23304 25770
848500	259 1501 4172 7286 9838 10151 11196 14261 16406 16716 22393 23628 24977 25209
854250	24601
861750	3720 4078 23284
887750	15019
892500	1533 1966 2669 3627 3852 6080 7868 10097 11670 12243 14020 18741 18805 23403 23516 28985 29022 29099
965500	10646 18227 20297 25003 26378
969750	2963 17823 19835
981000	4938 4949 4997 8662 8689 11176 11679 12220 12394 14020 14153 23623 26722 27160 29022
1025250	509 13247 14119 15883
1046250	2257 6621 11396 11983 18196 27791
1063000	530 4443 14165 15019 15943 16186 16653 19216 20551 22280 22749 23214 28481
1074750	679 2257 3228 3699 7868 11080 11573 11904 12220 12747 14580 16550 21865 22556 27092
1086750	1084 7868 9899 11080 18977 19514 21533 22400 28791
1104500	2683 14294 18678 21110
1110750	3101 3458 21110 22499
1118250	2589 3068 5661 6805 9582 13494 13721 14794 24306 24601 24929 26665
1140750	1293 3285 5184 7868 12541 15395 15622 27063
1165500	15423
1173500	5598 12329 13020 15661 21681 23421
1181250	5458 6672 17783 18932 21110 23284
1189000	1546 4949 11176 12175 15019 23628
1194750	83 679 3627 4059 4281 5306 6543 7400 7827 7868 7976 8034 8637 15663 19962 20551 21092 24669 25169 25488 27052
1240250	5998 7871 8689 12394 13975 18392 20297 21092 23623
1244250	4324 14495 15606
1247000	2669 25635
1319000	5797 10449
1324500	7868 8028
1365000	14580
1381000	1831 8662 8724 14261 25329 29099
1446250	3390 4078 20297 23482
1459000	6147
1459750	16550
1492500	2267 3627 3926 7868 8689 10188 11679 16540 17653 21683 24886 28899
1517000	4808 7208 11350 12977 15299 19903 27205
1525000	2257 11196 11687 24601
1528500	3627 5799 6158 7248 12162 18466 21092 23774 23781 24929 28370
1531250	2963 4676 7026 10247 12216 23338 26523
1561250	3627 12352 13891 15639
1579250	4078 4544 4939 7743 7963 9906 13020 14969 15721 17438 24194 25424
1617250	2217 5077 8637 9633 11329 12283 18002 19405 20579 21533 21919 28410
1622500	7059 7364 8662 19381 28391
1629250	143 9120 12394 14266 18024 19891 21758 23656 28937 29099
1661750	3151 3324 5429 9802 11080 14020 15534 21950 22342
1688750	554 3145 5376 12220 14020
1699500	16716
1710500	1481 2729 7868 10151 14780 21246 25526 28065 29547
1724250	7989 9544 10097 12977 16176 20425
1727500	2787 3228 4452 7812
1758250	4060 7817 10038 11029 12560 23676 27791 28463
1782250	155 2568 3237 14415 18002 19374 21110 24460 26736 28333
1792000	7090 11176 13259 13390 16500 16540 20154 20630 20979 23214 23351 23623 28937
1793250	2033 14020 21067
1806750	16463 18558 20701 21683 26394
1812000	7105 7868 11196 16406 29077
1815750	6245 28391
1832000	7868 10151 10916 12287 25687
1904750	9138 15906 22484 23928 25888
1906000	2438 2683 11448 12220 12285 21110 22126 29529
1909250	504 2655 2963 5131 5285 5416 6326 8193 8383 10014 15811 15992 17060 20516 21110 21975 23470 23896 23914 24645 25372 27406 27683 28410
1911500	1047 1073 3228 3627 4479 8689 8868 11196 14261 16110 20386 21815 25500
1953250	3627 3658 6096 8313 10176 12352 12394 14020 15639 26267
1966250	155 2257 3228 16110 25260 26722
1969000	5987 6352 12220 18002 18575 20297 25687
1971500	7096 7654 7692 8316 11000 14415 18712 19166 21715 22043 24070 25329 26860
2033500	712 3510 3627 4949 7473 7868 8689 11176 11203 11328 11465 11679 12220 12352 14796 18025 18075 20015 20417 28270
2050000	4053 5306 8637 12329 14242 14415 15231 21336 21659 22533 24377 26127 26866 27791
2076000	14097 21841 24886
2078000	679 7622 11347 12977 13097 14261 17752 18730
2088000	617 2655 4078 15019
2103250	1831 3627 4220 5458 6290 6724 7822 11022 12394 13592 13737 14902 16564 24325 25219 28855
2132250	14159 28142
2138750	11029
2168250	7868 21838 27133
2182750	18808 19643
2187500	2963 4201 7990 12162 16376 24780
2198750	9250 12220 12394 13054 13216 14294 16550 21110
2200750	2655 9315 27155
2232500	679 3723 4683 11000 11196 14261 24929 24986
2251750	22727 25177
2253250	1591 11080 11196 11328 11652 18730 21067 26722 28189
2316250	679 949 4571 9688 10329 18180 21950
2331750	953 5971 7179 7868 8628 10584 19539 21092 21975 23025 23984 27179 28653
2350750	2963 4078 7248 10840 24385 24788 25386 25989
2378500	2367 7230 10014 10970 12886 19974 23774 25372 26619 28243
2428500	17640
2448250	17423 21672 21865 24669
2492500	10464 11124 11849 16534 20083 20979 21243 23969 26655
2688750	155 1739 3181 3629 3774 4571 13450 15721 24601
2704750	3658 13592 21026 22359
2752000	527 2042 3032 3164 5667 11679 12243 15820 17958 22179 22505 26728 27906
2768250	23421
2771250	255 476 480 789 1494 2963 4641 7311 7560 8838 14360 16609 22359 22567 23284 24942 25331 25948 26314 26722 29099 29490
2788750	2410 2898 6918 7096 8842 10329 11176 11431 13274 17747 18515 24274 29084
2807500	1253 7314 7552 10593 11329 12512 14515 19149 20585 27117 29203
2808500	12394 25372
2823250	2610 25329
2852250	2251 4647 11682 14261 21706
2870250	7096 8327 12964 14020 17606 19431 23284 29363
2874500	2257 3047 4172 7323 7386 7868 7910 14914 19422 28059 28370
2882750	4452
2891500	255 819 2257 3627 8027 14580 21539 26722
2920750	2160 5655 12068 13278 14119 15478 16302 21862 22359 22400 23538 29490
2921750	143 6438 11176 11201 11670 13888 14182 20184 25272 25733 29547
2940000	2683 11767 12168 14580 15935 19835 24486 24519 25260 26722 29490
2968250	12220 14273 16463 21110
2975500	5086 6143 7868 8978 14902 15934 16406 16939 19745 21865
2988000	12132 12606 22482
3009000	2033 5627 7230 7868 8724 10604 11000 11280 12327 12964 13450 14695 15019 15138 17732 19014 21657 21840 22393 23623 24869 27117 27906 28347 28411
3010000	4220
3014750	1147 2024 2353 3228 7868 13471 18558
3031750	215 679 3228 4949 6114 6908 7061 7105 7323 7567 8689 11176 11781 12977 16110 16406 17060 18388 18730 21919 23214 23604 23774 27501 28391 28924
3035250	993 11080 11196 14020
3054250	3627 5448 11931 23108
3089500	1917
3114000	2655 5429 6828 8689 11345 13112 13135 15259 20182 20536 21092 21110 21916 23928
3148500	3627 4762 6908 7059 7620 8327 8662 8689 12795 16217 18624 19796 25793 28561
3149000	9486 9817 13162 18964 24503 29008
3211250	7173 11076 12431 16110
3216500	2963 6617 8028 18697 21501 24225 26121 27168 27198 27242 28992
3245250	18730
3249250	1237 7278 7868 17275 24978 26394
3266750	3168 5416 12220 26318
3282250	11857 19126
3293750	26523
3304500	679 1392 3804 4931 8219 8689 11022 11080 13554 17228 22269 24461 25169
3310750	3627 8689 11328 14952 16550 23774 25086 26298 26722
3312500	19993
3317500	679 1501 8261 9111 16836 27514
3326250	4163 9389 13450
3344750	1771 2771 3313 3329 5015 6985 8805 11022 11078 12220 14020 17748 17958 20579 21110 25488 27427 28435 28463 28524 29099
3350250	1672 3384 3740 5779 12220 14413 18736 19177 25420 28425
3363000	3627 15315 18868 24158
3396250	4953
3404000	3627 22246 28653
3405000	4389
3511000	13020 14020 29203
3520000	155 1700 8508 9563 14020 17055 18829 22058 23409 27927 28065
3524750	4491 4808 15065 17920 26871
3549000	5184 5285 5957 12395 14261
3573750	11670 12394 25260
3581250	3723 5848 12512 22126
3588500	1831 12329 12352 18024 20846 21336 24598 25260 29095
3590000	1776 7567 9922 11694 28924
3592750	5836 29547
3625250	5625 16085 17327 21110 21372
3644250	3723 4381 8637 10584 15142 16406 17781 18024 22425
3675000	1565 7297 11635 13779 14292 15024 25488
3684750	1831
3719250	125 3362 4960 18624 25631
3723750	1831 2655 4078 13247 14020 21672
3742000	4078 13020 20846
3751500	20300
3787750	2610 19458 26969
3795000	12352 24601 26127 29099
3799500	1721 6539 21768
3846250	11679 12352 14182 15584 23143 25380 27371 27840
3849750	9549
3861500	7868
3895750	12475 12606 12933
3903500	1392 15138 27609 28605
3913250	3626 5845 8409 8689 9230 9242 9948 10136 13240 14020 22380
3952000	2128 3196 3627 3723 4648 5474 6864 12220 13998 16550 21844 22380 25372 25669 25917 29099
3954500	931 12162 15584 18292 26315
3963750	251 3590 4949 7096 7356 10381 11176 12977 13020 14020 19014 21067 23662 26972
3977750	1461 21869 23273
3981750	1831 6520 8717 14887 16082 19928 25386 27791
4004500	624 1831 5211 18281 19686
4035250	26633
4037500	14523 26614
4047000	3983 7105 7624 8943 17945 20551 29446
4059500	3857 7868 8166 9549 12159 14120 15089 16463 16540 24196 28465 29099
4063000	19974
4073250	7868 9946 12792 13592 17153 27415
4102750	19149 20585 21787 26843
4115500	6731 14470
4133750	1831 9919 14451 15159 20127 25372 27638
4153000	5330 11080 11431 14942 17835 21865 22621 26523
4184250	241 647 4949 8082 8565 10788 11196 12220 14020 15315 16550 26716 27371 28710
4186500	7105
4189500	2251 5912
4193750	17959 21657 24296 24929
4195500	9802 14159 15315 18097 22246
4215750	3760 11060 11391 15302 21914
4256000	2059 3324 13883 15661 17647 17771 27791
4256500	2410 4694
4257000	4571 11176 15089 23475 27625
4259500	4949 5336 6951 11018 11176 15019 15315 17725 18805 26722 29099
4304250	679
4317250	15159 21110
4336750	16463 20846
4370750	1666 2655 3723 7168 21110 23628
4376250	8689 15631 19379 19993 21225 27407 27637
4378500	22947
4399750	6148 23207
4423500	8643 11543 24193
4454500	3723 15019 15138 21071 25830 27117 28653
4475750	259 547 679 2227 3627 3719 4949 6497 7856 7988 8149 8689 11396 11612 12068 13390 13592 15584 15934 16754 17945 19113 20411 21092 21110 21796 21838 22840 23774 25488 26267
4503500	11936 24193
4547500	8257
4557250	19962
4625750	1428 3723 4939 6328 9838 10570 10840 11157 14482 15446 16836 17882 17945 18032 22321 24471 29197
4631250	5184 7868 27052 29099
4658500	679 1670 16463 17453 18075 21110 24196 25960
4680000	16463 25372
4712250	2963 20902
4716750	2963 4324 8511 13757 29202
4770500	2610 7335 9165 10404 12220 12394 13554 14020 15315 18433 20297 22317 24196 24869 25029 27092 27191 29214
4782250	679 1481 5724 9658 10778 12142 27791
4809000	22211
4809750	679 1831 23884
4814750	679 7868 25135
4844000	7868 11176 15138 27396
4850000	614 1428 4794 11605 12512 14678
4852000	282 7868 21110 29146
4852500	911 9563 24541
4853750	19955 25596
4876750	143 949 2945 4080 7868 9838 11080 11378 11431 12394 14150 19496 20536 21950
4880250	19217 20846
4895250	1335 11638 16624 19166 24541
4902250	4709 14360
4907500	24430
4921000	8689 15534 24015
4922750	2669 7340 14120 18013 18465 25733
4956000	2042 13450
4963500	4078 13240 13830 15538 16572 21092 21110 22489 25372 29203
4967250	7868 28391
5011500	1756 1831 4078 7059 7354 11196 11679 13749 16463 20180 21847 22280 22489 23779 26523 27092 29203
5012750	1335 3393 5043 5053 8799 10893 11196 13020 14469 29473
5024500	3228 7105 8439 10106 12168 12220 12394 12977 13779 13888 14265 16550 17748 18805 20747 21110 24601 25029 26378 29084
5034000	7465 10584 12220
5037000	679 2382 2945 5896 6828 7354 7868 12055 14590 14796 15639 20648 21283 21838 23621 24960 26722 27508 27791
5052000	7868
5059000	16668
5078750	554 679 6672 7096 7260 7465 9549 10329 11080 14596 20484 21110 23071 25329 25669 26665 26705
5108000	647 2683 4254 6672 11080 11793 14020 14580 22547
5110750	251 1004 1739 3324 7096 8414 11176 22400 25793 26114
5139250	11080
5143250	1280 9210 9563 14482 17401 20411 21110
5155750	1533 2999 6191 11969 12453 14482 14661 15018 18024 18805 22505 25488
5170500	6096 7868 18730
5199750	679 10868
5220750	8689 13793 25240 26216 28438
5226250	4078 8689 10329 14020 15831 19155 24669 24871
5226500	3627
5238000	527 3361 8090 13450 14580 15018 16406 21833 24385 29099
5239500	318 1979 14153 18353 21110 23407 23928
5248750	15086 23623 27035 28924
5254500	3313 4336 5712 6348 6546 7708 7868 9317 12717 14531 15478 17020 18611 20300 21672 22043 22400 24306 24601 24929 25488 25618 28391
5256500	614 12165 20679
5264500	1642 5470 12220 12394 14261 16965 17945 19038 19262 22547 26420 27508
5279750	2368 3228 4795 10151 27435
5292000	7184 11670 21672 23779
5293250	679 3995 12220 15672 22583
5336750	11000 12352
5354000	10948 20180
5407750	6352 11080 12737 16373 25424 25676 26480 29084 29099
5440500	11080 17945 25272
5440750	9838 11052 12168 12883 19862 20045 25029 27210
5467250	1822 21110
5491500	1691 2729 4544 11032 13390 16939 20620 20803 25212 25989
5522250	679 2257 8689 8739 12883 21672 25260
5539250	155 3935 7868 8689 13179 14630 18231 18628 24258 25207
5642000	2257 3723 4892 4949 10840 11176 12512 14318 21672 24598 25424 27272 27683 29084
5654000	528 4571 5896 20417 23861
5655250	239 3285 3702 4338 4544 4571 7427 7743 9340 9563 11196 11396 11624 13853 14020 14048 15018 16406 20047 20411 23338 26031
5693000	2655 14020 21899 22916
5697750	476 21110 23273 27791
5726500	949 4300 10059 11080 13779 14020 14470 17072 22280 22731 23465 25372 25733 28410
5742000	16716 19523 22307 25261 25830 29465
5751500	1392 2353 3228 5336 6199 6348 11679 12977 19680 21094 25488
5754500	4014 9549 14020 14784 15423 20751 28752
5769750	143 6352 6617 16818 21869 24503
5780000	262 539 622 2173 3723 5094 5705 8313 9340 10058 11022 11431 15471 15811 16529 17061 17214 18515 19523 20180 20724 21071 21092 24274 25830 26308 26665 26744 27257 27906 28885 29364 29418
5812000	2683 17641 19993 20506
5828250	599 4808 16979
5847500	8978 17995 27458 28504
5865750	57 911 1446 1681 2872 3145 3228 4171 4238 7868 9462 9745 10268 11196 11652 21283 22234 22505 24016 25060 26297 27544 28177 28616 28937 29331
5898500	374 26722 28465
5899750	11679 12220
5901250	1010 7262 11073 11330 12606 14575 18730 18937 19277 22482
5906250	3047 20529
5910250	937 26605
5915250	2367 15138
5952250	5067 5094 6827
5959000	251 4078 6672 8327 11328 13688 13888 14153 29203
5962750	2683 5151 5803 9640 16800 24196
5968250	4078 11196 13097 16406 26516
6003750	647 2033 4750 4949 5053 6680 6934 7737 7868 8792 10726 12285 15414 27625
6061250	679 943 3308 4949 5670 11176 14261 14552 23829 29076 29203
6099250	13244 25372
6126750	15019 24977 25117 25169
6150750	2655 2963 4510 10014 11330 15831 17429 27795 28184
6155250	4059 4220 5015 14020 15645 18180 22235
6172000	24704
6234000	4220 9021 12438 16463 17020 19875 21372 23683 26699
6247250	2739 2942 3686 4571 7600 11670 13793 15814 16918 18874 19615 21334 22680 22736 25618 28626 28631
6257000	3740 22749 23563
6258500	1432 12068 20471
6264750	1415
6272000	2803 6080 12055 17400 20180 26451 29103
6301250	574 7868 11543 13209 14942 23232 25596 25758 25792 28687 29547
6334000	9413
6380000	28425
6400000	2452 2600 3313 9567 15258 15672 18712 19381
6412250	7260 13354 15159
6412750	3719 14580 23632 25092
6458250	7692 21581 22280 23475 27205
6497000	647 11923 20747 20902
6515500	6319 8662 18235 21657 23340 24015
6564500	251 4949 7105 7868 11176 11196 11328 11612 11679 12220 12637 12977 13494 14902 15298 15639 15805 16110 16406 18730 20658 21672 23604 25092 29095
6571000	1773 4254 6319 7827 11687 12162 12252 13430 18879 20626 22393 22877 25631 27543
6571750	993 5661 6401 14580 16540 17706 20158
6572500	8311 29099
6619500	3627 7955 11465 21067 21110
6654750	14261
6683750	2655 2826 4078 4731 4939 5267 8996 10169 14119 14818 15446 17491 17945 24562 24977 25770 26619 27204 28788 29203 29551
6694750	679 1461 10329 12352 14020 18075 18730 20127 21672 22393 24196
6700250	7957 9549 11578 18575 23134
6713250	143 1758 2367 2945 8717 11857 15639 24344 24541 27540
6751750	3658 13737 26699
6754250	17945
6766250	599 6988 9109 12285 22126 25372 27186 29203
6780500	1438 10893 12754 19394
6807250	679 4078 5529 5712 10329 10646 11983 13390 14261 14580 15192 19973 21110 22393 25372
6848000	23622 24601 26619
6848750	264 3555 7070 8689 12160 14406 20343 21336
6849750	2199 2655 3937 4938 6290 19796 23556 25372
6852750	2963 4949 7208 7822 13888 26619 27906
6872750	20393
6874250	155 647 2683 11080 11628 12168 12747 13483 16603 20648 21503 26754 28410
6897000	2783 4052 4162 7626 13431 16463 18544 23223 24177
6900500	6805 21659
6904000	642 5267 9111
6921750	8193 19197 19458 29497
6957500	1065 6980 7552 12606 12754 13793 15534 16722 19615 22029 23861 24576 24898
6996000	6255 12165 13754 18213 27198
6998500	201 3627 8689 11687 11983 24015 29547
7002750	1831
7003500	11196 14150 25090
7016500	10616 27407
7034000	3850 9341 10514 11776 20937 26829 27153 29203
7103000	4039 5574 11080 11465 12586 13118 13737 14071 15019 15423 16488 18741 23662
7116750	11196 14930
7143250	637 1228 2771 5557 11849 21813 22087 22366 24281 26114
7149500	20645
7163250	4571 8148 10329 12943 17060 17748 18791 18805 23604 24385 26595 29099
7184500	527 2899 7221 7868 8278 10193 21533 21865 24541
7190750	1538 3350 9413 14526 27791
7218000	1731 2257 2421 7096 10702 12220 12977 20955 22317 22556 24669 26619 29034
7269250	26180
7269750	13354 19475
7306250	2249 2655 2669 4691 17676 17747 19973 21110 22329 22359 24379
7322250	23861
7367000	143 504 4918 13607 15584 16540 18025 20297 21336 26699
7375000	20184 25309
7405250	17431
7435500	7975 14261
7445000	18075
7450000	2872 7868 14261
7476250	6828 13873 14415 15019 16362 23662 24907
7513250	1756 4078 7692 9301 16463 23203 25372 26545 27544 29153 29203
7545250	11679 29099
7568750	1831 4329 8327 12285
7588000	5254 7105 10329 12078 18575 25839 28653 28975
7600250	3228 4949 11052 11176 12758 24869
7657250	1756 2043 4452 7997 29445
7687500	290 682 1233 3760 3787 4544 5369 7743 7868 7902 7963 8628 12394 13853 13888 14498 14603 15138 18369 18592 18730 19208 19574 20551 20803 22715 23662 25380 28625
7699500	3457 11793 13592 22280 23928
7703750	527 7868 11007 12394 18075 18730 18868 22218 22908 25839
7715000	679 7868 11790 24978
7785250	11790
7797000	6263 10745 13942 24066
7810250	6880 8637
7830250	5779 20127
7854500	527 679 4949 7323 7552 14020 14261 14902 16463 20484 29099
7886000	1428 1712 4919 4970 5094 5267 6880 10282 15446 22420 22993 25177
7892000	911 1530 5267 9340 14194 15661 17647 24471
7898750	5574 7868 21838 24503 26894
7918750	18275
7927750	9549 15065 18624 20279 25372 26288 26341
7976750	5254 13853 25372 26806
8017000	15096 21092 23284 27505
8033500	2471 6402 12220 12489
8040000	2655 3403 3720 4078 4731 5372 7221 7417 7868 9341 10144 11018 12285 13390 14194 14902 15138 15159 16406 16797 17084 17352 17400 18292 20484 20803 21659 21994 22094 22533 22914 23649 24685 24687 25267 25372 26464 27791 29203 29445
8049000	2804 7997 14240 14821 17664 20979 21092 25556 26546 27544 27955
8051750	647 8389 12202 12220 13737 13762 14020 17141 20297 20803 21110 21911 23556
8070000	10329 18024 18611 20595 29197
8072250	22 19036 22095 27033 28616
8096750	1731 3553 11196 11951 15138 16663 16722 16965 21672 22077 23896 25356 26485 28641
8111500	454 527 2257 11018 11080 12346 16110 22393 23878 26716
8123500	1591 3390 14931 22852
8129250	7868 10718 16323 22489 24844
8149250	5011 7868 10933 11196 11679 12162 14294 14925 15138 15631 20484 24015 26464 26737 27407
8156500	1831 4078 4551 6447 6951 10983 17167 19974 20297 21889 27373
8160750	365 5067 10268 11196 15308 18529 22244 23857
8163500	2257 3252 5740 15022 18868 23103 23662 27458 28438
8195000	5185 8943 10970 11080 21672
8216500	2257 3746 3755 8313 10627 12394 14159 14400 17747 18712 19126 21979 22552 23623 25329 25558
8216750	6401 11328 12285 14065 24281 27952
8243500	4931 4949 11176 11196 17945 18075 22367 23662 24869 26871
8271000	11280
8280500	19 4662 16674 17972
8314250	4626 4834 11196 16540 25933 27618
8324500	9848 16887
8346250	1831
8353250	1966 3438 4078 7560 12285 13097 19702 22317 26401 27205
8385000	7680
8430000	8637
8435250	11080 11679 14261 16110 18730 21067 23896 29473
8523250	14458
8529750	15138 16609 17747 22583 28059
8555500	4510 6641 10741 18180 25372 27615 29078
8573000	6158 9549 21110 28049 28391
8617500	2605 4571 11280 26619 27625 28270
8628250	3074 5848 10879 11609 14153 14415 20979 26288 27119 28481 29465
8701250	1884 4571 19973
8702500	617 7105 7868 9486 11196 15138 17597 23779 24780 29547
8730250	911 6597 11687 12068 21657 24601
8745250	679 3590 5848 15883
8757750	3149 6968 18024 23928 24601 26288
8799750	7868 11080 11396 13592 17824 19199 20826 27456
8822250	17483
8845250	554 4939 6550 8689 12394 13070 13493 14020 15446 17214 17297 21110 22484 23103 23628 24196 24565 25631 26464
8909750	11687 24054
8910750	3361 3469 3590 4510 5598 6246 6801 7868 10948 11330 12033 12173 12688 14734 16700 17106 22934 24503 26614 27514 29078 29099
8940500	251 2257 2655 11080 13784 15639 15661 16463
8949750	2217 4808 16818 17438 21962
9039750	1293 7105 13087 14580
9069000	1080 3627 8689 11176 11396 11456 11573 12220 14580 19937 21110 22393 24471 24534 28017 28391
9076750	2826 4731 5712 22368 25372
9079500	4691 7868 12271 15741 21071 25272 25669 27314 29099
9103250	9563
9121750	7868 15946 19974 21838
9123500	15 2610 2683 6447 7990 12168 14694 15138 20846
9173750	2826 7105 7560 11196 11679 13020 14020 15639 16110 16406 16540 18730 19814 21672 29203
9179500	11196 12220 17629 17835 27637
9199500	20803 24969 29099
9212500	1293 14701 17158
9215000	1773 2436 6178 6352 8943 9242 10097 12394 14294 25029
9244000	5403 7868 9486 9620 13442 17393 27501
9288000	2683 2971 6401 11328
9344000	17024 25511
9351750	11080 14580
9352750	17133 18075 28759
9394250	6290 8090 8637 11196 14894 17060 17087 19014 20180 25372 29203
9394500	3126 3723 8965 10908 14533 14588 17090 20626 21110 26712 29099 29472
9436000	504 4731
9437500	12168 15718
9512750	679 3228 4239 10584 11383 12996 13285 17880 19903 21152 21593 23779 25651 25991 27205 27804 28924
9513250	647 3390 3759 12218 12287 13079 16199 17959 20800 22319 23662 23928 24598
9586500	7868 8860 10795 13888 16849 25676
9592500	676 679 5661 7868 10329 13020 22094 23241 24869
9628250	18024 20750 23779
9651250	1598 18672 26754
9671750	2655 2826 7868 26722 29203
9685000	9569 11605 17032
9694750	9838 16091 18741 23656
9706000	679 849 949 1773 2198 3980 4102 4779 5470 5966 6039 6364 6740 7179 7978 9275 9612 10329 11487 12068 12168 13765 15114 15192 15269 15943 16476 16823 18508 19431 19539 20297 21865 22094 22444 22736 23260 23340 25933 28653 29099 29203 29313 29363
9716500	11465 28065
9720000	8939 13830 16315 19894 21092
9782000	29364
9782500	4949 23662
9794000	17835
9802000	5883 11160 18791 21909 24947
9807250	7868 8662 10329 17759 18905 21885 23934 25086 26722
9842500	7380 7868 10908 11052 11176 11605 12924 15210 18805 19048 19962 20317 21110 22319 25086
9906500	155 7868 8689 11328 13682 18213 20484 21110 21336 21919 23656 24601 26298 26722 28270
9946250	155 2899 3720 11688 21091 21865
9972250	7963
9979000	7868 25260 25372
9982500	9369
10000250	6171 17153
10047250	3555 5962 12132
10052000	143 3093 7620 7680 22126 22280 25372
10054250	1079 4667 8425 10970 11159 13020 19660 20297 20316 20846
10063000	2257 10893 14930 20207 21110 22393 22889
10064500	6820 8269 12220 22583 28466
10069500	4571 7868 8637 14048 15322 19973 21400
10095000	14261
10112000	6839
10212500	24081
10224750	5267 5797 9549 21393
10229250	7297 8689 16944 22179 24541 24869 28631
10234000	696 871 2627 2695 3740 5051 5848 7037 8731 9111 10176 10584 10970 11524 12702 14261 15019 15811 16852 20796 21995 24026 24306 25570 26011 26298 28653 28975
10261750	2504 5285 11679 12285 14261 17968 21657 23214 23896
10297000	5908 25058
10302500	6630 10646 24402 27897
10309250	6498 11734 14942 15192 18996 21091
10312750	2257 2899 3627 6154 6672 7868 12352 15934 16110 24503 28985
10322250	1731 9111 10702 16485
10393750	29265
10401500	7868 8816 12189 13258 14048 20979 24929 27791
10443000	2373 8719 19466 25488 27135
10492250	143 281 2899 4499 4949 5098 6672 7105 7754 7868 8786 11080 11176 11687 11793 15449 17653 17914 18730 19702 20029 20045 20425 24015 26561 26728
10521000	2805 6652 7868 9471 9472 10225 13779 15761 25770 27255
10533750	13451 14261 14976 15721 17327 17945 19974 22621 24026 24601 29099
10539250	1461 14020
10566000	7868 13554 28053
10578000	13240 13778 14073 18024 18227 26523 28992
10588000	9295 14020 15138 16628
10592000	993 1335 4571 4949 6908 8816 12220 12352 25372
10592750	251 13093 18626 23798 24196 25488 26394 28794
10598500	12220 14165 18575
10609250	1020 2963 5330
10628500	796 3723 4078 6868 11263 11857 12159 12994 13784 14294 16986 18075 21092 21110 28641 28945
10642000	251 679 1966 3627 4078 5053 7105 7323 7567 7576 8257 8628 8637 10999 11176 11465 14580 15299 16754 19814 20536 20896 22781 23831 26728 28149 29473
10653250	2574 3536 3828 4709 7868 12285 12728 14119 14242 16406 18024 18544 18843 18891 20180 21392 23096 23656 23857 24034 28411 29099 29203 29473
10654750	2270 7552 12212 14991 25214 27272
10696000	3458 21110
10713250	4078 17087 22823 26619
10768750	12870 19993 24323
10773000	2257 2999 15639 25092
10774750	1577 2899 4683 11687 14942 20338 23251 23900 25488 27791
10818500	1038 4618 5334 7354 11573 19394 29099
10831750	5640 13482
10944750	25372 25687
10966250	251 17087
10972250	23779
10976250	12285 12489 15138 22032
11046750	7169
11121500	8530 10893 13049 20297
11129250	949 11080 14577 14580 23214 23251
11131750	915 5738 10726 14482 16406
11137750	934 19891 22447 24669 25360 27906
11142000	5833 12352 17407 29099
11158000	239 290 7868 8637 9563 21657 21930 26422
11169500	143 366 3647 4220 6352 10014 12173 12828 14020 14294 17640 18196 21078 24922
11220500	11431
11225500	2655 11175 21110
11283500	10680 12220
11300000	2963
11307500	17446 20300 22359 22946 23272 27711
11313000	3228 6482 7105 8154 11018 11196 11679 12977 23143 23491 27406
11321750	2804 3564 3847 4102 4238 4262 4294 5661 6242 6284 6348 7997 9906 10879 11730 12358 13745 13888 15390 17060 17639 19891 20206 21672 21684 22880 25742 27205 28481 29330 29547
11339250	6828
11340250	14294 25329 26973
11352000	6163
11362000	2963 5330 7868
11434750	7071 9985 18758 20083 21823 24155
11440500	3228 4731 11052 11670 14261 26722
11493000	554 7868 8689 22727 22828 29022
11494250	8676 11196
11503250	504
11527500	1492 16884 21110 25086 26619 27791
11535250	2257 12394
11552750	16011 23448 24869
11564250	1831 3723 6104 9140 13124 14969 25483 28347
11579750	8410 8702 11196 12132 12688 15217
11590500	7868 7997 10622 11578 13512 14817 17512
11601500	647 2655 6299 11080 12220
11612500	5848 19974
11625250	18990
11632250	25022
11683250	1249 7868 12541 24704
11701500	4366 4544 17760 18674 19681 22052 29203
11711250	1392 6175 21338 24942
11730000	422 471 1446 2513 5443 6193 12914 13390 14498 14938 15335 15390 18523 21565 23656 24471
11734000	646 4076 14261 14490 21219
11747250	155 4960 11244 13093 16918 17959 18730 18950 25596
11761750	12489
11794250	164 3068 14025 28653
11847750	10948
11874000	4220 4510 10014 11679 12220 13354 13844 16028 16550 18167 18180 18741 22556
11894500	9548 15138
11896000	13853 15302 16564
11936000	1962 3482 10948 13020 19632
11947000	1758 2322 4262 9522 10480 11080 13103 14020 15233 20411 22489 25651
11949750	2198 6571 13554 25177
11957000	9210 9392 13772 14261 15395 16818 17060 17242 21078 21838 21995 22505 23251 23662 23907 26605 27927
11972750	8122 15631 20708 21693 27426
11984750	993 2683 3627 8689 9486 12352 15502 20207 20425 21110 21796 25086 26722
12004000	15307 16540 17191 18683
12008000	647 4960 7208 7390 11904 14261 17647 24274 25618 26618
12015000	5176 5267 8024 13097 15138 24977 27028
12016750	18001 18730 20529 24277 25989 27371 27683
12028500	661 2999 7600 8519 9213 11196 11679 13390 21392 21593
12142750	2375
12154500	4949 5470 7105 7868 11176 12159 12475 12933 15018 15426 17640 19574 20297 20411 21217 22280 28621
12173500	554 3627 14266 15405 28370 29287
12204750	7963 17812 21681
12215000	3164 6672 7090 7868 8637 9363 12352 14942 15302 15639 21914 25570 27791
12229000	17389 29148
12231250	6246 10329 12220 19539 26973 27155 28149
12234750	949 2971 4039 4078 5266 10176 10329 11080 11682 13607 21110 21632 22179 23541 25372 25517 26736 29465
12239250	949 1121 7354 7868 12271 14157 14261 16814 21838 25570 25618 28333
12275500	7572 21930 23134
12331000	16609 28184
12337750	554 19196 21092
12371000	1222 2227 2254 2963 11776 11958 12352 12394 12737 14261 14294 14794 15018 17514 19381 19539 22359 23896 25086 25570
12377250	1501 1831 2729 3151 5492 5667 14020 15138 18075 19405 24730 24929
12384250	5458 21747
12388250	15138 15298 18712 23793 24385 28391
39750	4896
64000	11080 11670 12394
154750	11196
317500	7868 18805
382250	22393 26722
591750	5416 20466 27231
980000	3228 29099
1499750	1831 5655
1855750	7105
1934750	21838
2148250	14294
2476250	23202
2557000	4571
2676250	4970 14535
2756000	2198 13773 21092 25565
2910750	1372
3215500	10914 19029
3257000	1384 15534
3288750	3937
3892750	13020
4087750	251 2655 3627 23475 27791
4421250	16110
4447000	12627
5082500	7105 14020
5082750	2059 6740 7868 11080 17280 26631 29547
5121750	15138
5287000	12705
5735000	5470
5745000	2257 2669 4709 9838 11080 18730 20658 26722 26737 29416
5911250	12352 22489
5994250	3552 8816 15655 18180
6014750	28653
6015000	24323
6140500	637
6250250	16564
6354500	26159
6523250	14020 16540 17835
6603750	7230
6768000	7827 16818
6867750	2655 7552
7060500	504 3384 19005 21975 23214
7483500	21865
7494250	21991
7893250	28410 28992
8248750	4718
8622000	8702 11125
8666500	11790 15672
8792750	5598
8869250	11203
9438000	24977
9463750	3677 11196 15138 16406 19814 25733 26758
9973000	5429 15158 18227 23475 25260
10018000	5429 15874
10119250	5087 7868 20425
10715500	2655
10840750	7105 13672 24385
10845500	9985 13390 18075 28631 28924 29497
10915250	12395
11022500	15019
11032250	2963
11397250	23541
11613500	7868 28641
11631250	5598
12015250	11080
